square_footage,overhead
500.0,15790.55436750034
561.2244897959183,14570.558367773861
622.4489795918367,14345.088881179143
683.6734693877551,14978.46224019895
744.8979591836735,12387.745727602161
806.1224489795918,8574.95263236676
867.3469387755101,14052.492178723733
928.5714285714286,10899.905728153728
989.795918367347,19773.557850762227
1051.0204081632653,14774.91717412196
1112.2448979591836,11994.962995629277
1173.4693877551022,15127.764669286054
1234.6938775510203,19411.596046888328
1295.9183673469388,15140.560909449512
1357.142857142857,14460.326593596415
1418.3673469387754,20402.10952684732
1479.591836734694,21020.75122289055
1540.8163265306123,17873.447388450477
1602.0408163265306,18665.216635173692
1663.265306122449,22792.90274801267
1724.4897959183672,15004.476251697051
1785.7142857142858,15819.823985260082
1846.938775510204,19877.166648839862
1908.1632653061224,23014.396894501988
1969.3877551020407,26248.41537901043
2030.612244897959,32682.90353372735
2091.8367346938776,30206.665462948873
2153.0612244897957,25730.919595080824
2214.285714285714,27047.7761033437
2275.5102040816328,22742.455217627285
2336.734693877551,28274.78125881356
2397.9591836734694,27536.298642134003
2459.183673469388,31205.429536384327
2520.408163265306,26067.926914891446
2581.6326530612246,33413.05910181811
2642.8571428571427,39092.26599358432
2704.081632653061,31497.015584246325
2765.3061224489797,34661.61983498451
2826.530612244898,36716.026081004544
2887.7551020408164,31871.448660978986
2948.9795918367345,35610.258327419426
3010.204081632653,35165.0028202355
3071.4285714285716,36202.66620702988
3132.6530612244896,32461.481692967565
3193.877551020408,37061.326381498795
3255.1020408163263,40041.01186439051
3316.326530612245,45418.98334509766
3377.5510204081634,43571.86433450767
3438.7755102040815,50153.667389598595
3500.0,36163.26218555975
